{
 "cells": [
  {
   "cell_type": "code",
   "execution_count": 57,
   "id": "10513d0f-5436-4446-9718-06b30fc8f3bc",
   "metadata": {},
   "outputs": [],
   "source": [
    "library(dplyr)\n",
    "library(tidyr)"
   ]
  },
  {
   "cell_type": "code",
   "execution_count": 35,
   "id": "d6f6d828-95a9-41b0-8a8b-2f0c4a730819",
   "metadata": {},
   "outputs": [
    {
     "data": {
      "text/html": [
       "5819079"
      ],
      "text/latex": [
       "5819079"
      ],
      "text/markdown": [
       "5819079"
      ],
      "text/plain": [
       "[1] 5819079"
      ]
     },
     "metadata": {},
     "output_type": "display_data"
    }
   ],
   "source": [
    "flights <- read.csv(\"../../../data/flights.csv\")\n",
    "nrow(flights) ### n = 5.8M records"
   ]
  },
  {
   "cell_type": "code",
   "execution_count": 30,
   "id": "35a879ec",
   "metadata": {},
   "outputs": [
    {
     "data": {
      "text/html": [
       "<table class=\"dataframe\">\n",
       "<caption>A data.frame: 5 × 31</caption>\n",
       "<thead>\n",
       "\t<tr><th></th><th scope=col>YEAR</th><th scope=col>MONTH</th><th scope=col>DAY</th><th scope=col>DAY_OF_WEEK</th><th scope=col>AIRLINE</th><th scope=col>FLIGHT_NUMBER</th><th scope=col>TAIL_NUMBER</th><th scope=col>ORIGIN_AIRPORT</th><th scope=col>DESTINATION_AIRPORT</th><th scope=col>SCHEDULED_DEPARTURE</th><th scope=col>⋯</th><th scope=col>ARRIVAL_TIME</th><th scope=col>ARRIVAL_DELAY</th><th scope=col>DIVERTED</th><th scope=col>CANCELLED</th><th scope=col>CANCELLATION_REASON</th><th scope=col>AIR_SYSTEM_DELAY</th><th scope=col>SECURITY_DELAY</th><th scope=col>AIRLINE_DELAY</th><th scope=col>LATE_AIRCRAFT_DELAY</th><th scope=col>WEATHER_DELAY</th></tr>\n",
       "\t<tr><th></th><th scope=col>&lt;int&gt;</th><th scope=col>&lt;int&gt;</th><th scope=col>&lt;int&gt;</th><th scope=col>&lt;int&gt;</th><th scope=col>&lt;chr&gt;</th><th scope=col>&lt;int&gt;</th><th scope=col>&lt;chr&gt;</th><th scope=col>&lt;chr&gt;</th><th scope=col>&lt;chr&gt;</th><th scope=col>&lt;int&gt;</th><th scope=col>⋯</th><th scope=col>&lt;int&gt;</th><th scope=col>&lt;int&gt;</th><th scope=col>&lt;int&gt;</th><th scope=col>&lt;int&gt;</th><th scope=col>&lt;chr&gt;</th><th scope=col>&lt;int&gt;</th><th scope=col>&lt;int&gt;</th><th scope=col>&lt;int&gt;</th><th scope=col>&lt;int&gt;</th><th scope=col>&lt;int&gt;</th></tr>\n",
       "</thead>\n",
       "<tbody>\n",
       "\t<tr><th scope=row>1</th><td>2015</td><td>1</td><td>1</td><td>4</td><td>AS</td><td>  98</td><td>N407AS</td><td>ANC</td><td>SEA</td><td> 5</td><td>⋯</td><td>408</td><td>-22</td><td>0</td><td>0</td><td></td><td>NA</td><td>NA</td><td>NA</td><td>NA</td><td>NA</td></tr>\n",
       "\t<tr><th scope=row>2</th><td>2015</td><td>1</td><td>1</td><td>4</td><td>AA</td><td>2336</td><td>N3KUAA</td><td>LAX</td><td>PBI</td><td>10</td><td>⋯</td><td>741</td><td> -9</td><td>0</td><td>0</td><td></td><td>NA</td><td>NA</td><td>NA</td><td>NA</td><td>NA</td></tr>\n",
       "\t<tr><th scope=row>3</th><td>2015</td><td>1</td><td>1</td><td>4</td><td>US</td><td> 840</td><td>N171US</td><td>SFO</td><td>CLT</td><td>20</td><td>⋯</td><td>811</td><td>  5</td><td>0</td><td>0</td><td></td><td>NA</td><td>NA</td><td>NA</td><td>NA</td><td>NA</td></tr>\n",
       "\t<tr><th scope=row>4</th><td>2015</td><td>1</td><td>1</td><td>4</td><td>AA</td><td> 258</td><td>N3HYAA</td><td>LAX</td><td>MIA</td><td>20</td><td>⋯</td><td>756</td><td> -9</td><td>0</td><td>0</td><td></td><td>NA</td><td>NA</td><td>NA</td><td>NA</td><td>NA</td></tr>\n",
       "\t<tr><th scope=row>5</th><td>2015</td><td>1</td><td>1</td><td>4</td><td>AS</td><td> 135</td><td>N527AS</td><td>SEA</td><td>ANC</td><td>25</td><td>⋯</td><td>259</td><td>-21</td><td>0</td><td>0</td><td></td><td>NA</td><td>NA</td><td>NA</td><td>NA</td><td>NA</td></tr>\n",
       "</tbody>\n",
       "</table>\n"
      ],
      "text/latex": [
       "A data.frame: 5 × 31\n",
       "\\begin{tabular}{r|lllllllllllllllllllll}\n",
       "  & YEAR & MONTH & DAY & DAY\\_OF\\_WEEK & AIRLINE & FLIGHT\\_NUMBER & TAIL\\_NUMBER & ORIGIN\\_AIRPORT & DESTINATION\\_AIRPORT & SCHEDULED\\_DEPARTURE & ⋯ & ARRIVAL\\_TIME & ARRIVAL\\_DELAY & DIVERTED & CANCELLED & CANCELLATION\\_REASON & AIR\\_SYSTEM\\_DELAY & SECURITY\\_DELAY & AIRLINE\\_DELAY & LATE\\_AIRCRAFT\\_DELAY & WEATHER\\_DELAY\\\\\n",
       "  & <int> & <int> & <int> & <int> & <chr> & <int> & <chr> & <chr> & <chr> & <int> & ⋯ & <int> & <int> & <int> & <int> & <chr> & <int> & <int> & <int> & <int> & <int>\\\\\n",
       "\\hline\n",
       "\t1 & 2015 & 1 & 1 & 4 & AS &   98 & N407AS & ANC & SEA &  5 & ⋯ & 408 & -22 & 0 & 0 &  & NA & NA & NA & NA & NA\\\\\n",
       "\t2 & 2015 & 1 & 1 & 4 & AA & 2336 & N3KUAA & LAX & PBI & 10 & ⋯ & 741 &  -9 & 0 & 0 &  & NA & NA & NA & NA & NA\\\\\n",
       "\t3 & 2015 & 1 & 1 & 4 & US &  840 & N171US & SFO & CLT & 20 & ⋯ & 811 &   5 & 0 & 0 &  & NA & NA & NA & NA & NA\\\\\n",
       "\t4 & 2015 & 1 & 1 & 4 & AA &  258 & N3HYAA & LAX & MIA & 20 & ⋯ & 756 &  -9 & 0 & 0 &  & NA & NA & NA & NA & NA\\\\\n",
       "\t5 & 2015 & 1 & 1 & 4 & AS &  135 & N527AS & SEA & ANC & 25 & ⋯ & 259 & -21 & 0 & 0 &  & NA & NA & NA & NA & NA\\\\\n",
       "\\end{tabular}\n"
      ],
      "text/markdown": [
       "\n",
       "A data.frame: 5 × 31\n",
       "\n",
       "| <!--/--> | YEAR &lt;int&gt; | MONTH &lt;int&gt; | DAY &lt;int&gt; | DAY_OF_WEEK &lt;int&gt; | AIRLINE &lt;chr&gt; | FLIGHT_NUMBER &lt;int&gt; | TAIL_NUMBER &lt;chr&gt; | ORIGIN_AIRPORT &lt;chr&gt; | DESTINATION_AIRPORT &lt;chr&gt; | SCHEDULED_DEPARTURE &lt;int&gt; | ⋯ ⋯ | ARRIVAL_TIME &lt;int&gt; | ARRIVAL_DELAY &lt;int&gt; | DIVERTED &lt;int&gt; | CANCELLED &lt;int&gt; | CANCELLATION_REASON &lt;chr&gt; | AIR_SYSTEM_DELAY &lt;int&gt; | SECURITY_DELAY &lt;int&gt; | AIRLINE_DELAY &lt;int&gt; | LATE_AIRCRAFT_DELAY &lt;int&gt; | WEATHER_DELAY &lt;int&gt; |\n",
       "|---|---|---|---|---|---|---|---|---|---|---|---|---|---|---|---|---|---|---|---|---|---|\n",
       "| 1 | 2015 | 1 | 1 | 4 | AS |   98 | N407AS | ANC | SEA |  5 | ⋯ | 408 | -22 | 0 | 0 | <!----> | NA | NA | NA | NA | NA |\n",
       "| 2 | 2015 | 1 | 1 | 4 | AA | 2336 | N3KUAA | LAX | PBI | 10 | ⋯ | 741 |  -9 | 0 | 0 | <!----> | NA | NA | NA | NA | NA |\n",
       "| 3 | 2015 | 1 | 1 | 4 | US |  840 | N171US | SFO | CLT | 20 | ⋯ | 811 |   5 | 0 | 0 | <!----> | NA | NA | NA | NA | NA |\n",
       "| 4 | 2015 | 1 | 1 | 4 | AA |  258 | N3HYAA | LAX | MIA | 20 | ⋯ | 756 |  -9 | 0 | 0 | <!----> | NA | NA | NA | NA | NA |\n",
       "| 5 | 2015 | 1 | 1 | 4 | AS |  135 | N527AS | SEA | ANC | 25 | ⋯ | 259 | -21 | 0 | 0 | <!----> | NA | NA | NA | NA | NA |\n",
       "\n"
      ],
      "text/plain": [
       "  YEAR MONTH DAY DAY_OF_WEEK AIRLINE FLIGHT_NUMBER TAIL_NUMBER ORIGIN_AIRPORT\n",
       "1 2015 1     1   4           AS        98          N407AS      ANC           \n",
       "2 2015 1     1   4           AA      2336          N3KUAA      LAX           \n",
       "3 2015 1     1   4           US       840          N171US      SFO           \n",
       "4 2015 1     1   4           AA       258          N3HYAA      LAX           \n",
       "5 2015 1     1   4           AS       135          N527AS      SEA           \n",
       "  DESTINATION_AIRPORT SCHEDULED_DEPARTURE ⋯ ARRIVAL_TIME ARRIVAL_DELAY DIVERTED\n",
       "1 SEA                  5                  ⋯ 408          -22           0       \n",
       "2 PBI                 10                  ⋯ 741           -9           0       \n",
       "3 CLT                 20                  ⋯ 811            5           0       \n",
       "4 MIA                 20                  ⋯ 756           -9           0       \n",
       "5 ANC                 25                  ⋯ 259          -21           0       \n",
       "  CANCELLED CANCELLATION_REASON AIR_SYSTEM_DELAY SECURITY_DELAY AIRLINE_DELAY\n",
       "1 0                             NA               NA             NA           \n",
       "2 0                             NA               NA             NA           \n",
       "3 0                             NA               NA             NA           \n",
       "4 0                             NA               NA             NA           \n",
       "5 0                             NA               NA             NA           \n",
       "  LATE_AIRCRAFT_DELAY WEATHER_DELAY\n",
       "1 NA                  NA           \n",
       "2 NA                  NA           \n",
       "3 NA                  NA           \n",
       "4 NA                  NA           \n",
       "5 NA                  NA           "
      ]
     },
     "metadata": {},
     "output_type": "display_data"
    }
   ],
   "source": [
    "head(flights, n = 5)"
   ]
  },
  {
   "cell_type": "code",
   "execution_count": 37,
   "id": "c0a1acc3-a13d-405b-b92d-4d85b8d5eb16",
   "metadata": {},
   "outputs": [],
   "source": [
    "# extract list of 19 airports of interest \n",
    "airport_list <- c(\"ATL\", \"DFW\", \"DEN\", \"ORD\", \"LAX\", \"CLT\", \"MCO\", \"LAS\", \"PHX\", \"MIA\", \"JFK\", \"SFO\", \"SEA\", \"EWR\", \"IAH\", \"BOS\", \"MSP\", \"DTW\", \"FLL\")\n",
    "\n",
    "# recode five-digit airport codes used in the month of October (cf. \"INSTRUCTIONS\" file)\n",
    "airport_codes <- c(\"10397\", \"11298\", \"11292\", \"13930\", \"12892\", \"11057\", \"13204\", \"12889\", \"14107\", \"13303\", \"12478\", \"14771\", \"14747\", \"11618\", \"12266\", \"10721\", \"13487\", \"11433\", \"11697\")\n",
    "\n",
    "names(airport_list) <- airport_codes\n",
    "\n",
    "flights <- flights %>%\n",
    "  mutate(ORIGIN_AIRPORT = recode(ORIGIN_AIRPORT, !!!airport_list))\n",
    "\n",
    "# extract records corresponding to the above 19 airports only (roughly 50% of all records) \n",
    "flights_major_ap <- flights %>% \n",
    "    filter(ORIGIN_AIRPORT %in% airport_list) "
   ]
  },
  {
   "cell_type": "code",
   "execution_count": 63,
   "id": "cabe2586-e6d0-409c-9ac0-497b2e06cb4d",
   "metadata": {},
   "outputs": [],
   "source": [
    "# compute the daily fractions of cancelled flights for each of the 19 airports\n",
    "agg <- flights_major_ap %>%\n",
    "  group_by(ORIGIN_AIRPORT, MONTH, DAY) %>%\n",
    "  summarize(CANCELLED = mean(CANCELLED, na.rm = TRUE), .groups = \"drop\")\n",
    "\n",
    "# re-arrange in a matrix with rows corresponding to days and columns corresponding to airports\n",
    "dat <- agg %>%\n",
    "  pivot_wider(\n",
    "    names_from = ORIGIN_AIRPORT, \n",
    "    values_from = CANCELLED\n",
    "  ) %>% select(-c(\"MONTH\", \"DAY\"))"
   ]
  },
  {
   "cell_type": "code",
   "execution_count": 71,
   "id": "2fd5daa1-f12b-465e-ba67-602fef0edf6a",
   "metadata": {},
   "outputs": [
    {
     "data": {
      "text/html": [
       "<table class=\"dataframe\">\n",
       "<caption>A tibble: 5 × 19</caption>\n",
       "<thead>\n",
       "\t<tr><th scope=col>ATL</th><th scope=col>BOS</th><th scope=col>CLT</th><th scope=col>DEN</th><th scope=col>DFW</th><th scope=col>DTW</th><th scope=col>EWR</th><th scope=col>FLL</th><th scope=col>IAH</th><th scope=col>JFK</th><th scope=col>LAS</th><th scope=col>LAX</th><th scope=col>MCO</th><th scope=col>MIA</th><th scope=col>MSP</th><th scope=col>ORD</th><th scope=col>PHX</th><th scope=col>SEA</th><th scope=col>SFO</th></tr>\n",
       "\t<tr><th scope=col>&lt;dbl&gt;</th><th scope=col>&lt;dbl&gt;</th><th scope=col>&lt;dbl&gt;</th><th scope=col>&lt;dbl&gt;</th><th scope=col>&lt;dbl&gt;</th><th scope=col>&lt;dbl&gt;</th><th scope=col>&lt;dbl&gt;</th><th scope=col>&lt;dbl&gt;</th><th scope=col>&lt;dbl&gt;</th><th scope=col>&lt;dbl&gt;</th><th scope=col>&lt;dbl&gt;</th><th scope=col>&lt;dbl&gt;</th><th scope=col>&lt;dbl&gt;</th><th scope=col>&lt;dbl&gt;</th><th scope=col>&lt;dbl&gt;</th><th scope=col>&lt;dbl&gt;</th><th scope=col>&lt;dbl&gt;</th><th scope=col>&lt;dbl&gt;</th><th scope=col>&lt;dbl&gt;</th></tr>\n",
       "</thead>\n",
       "<tbody>\n",
       "\t<tr><td>0.002702703</td><td>0.004237288</td><td>0.003558719</td><td>0.05436573</td><td>0.21772152</td><td>0.004629630</td><td>0.00000000</td><td>0.008547009</td><td>0.027459954</td><td>0.003636364</td><td>0.000000000</td><td>0.005395683</td><td>0.003095975</td><td>0.008928571</td><td>0.004464286</td><td>0.011560694</td><td>0.009433962</td><td>0.000000000</td><td>0.004683841</td></tr>\n",
       "\t<tr><td>0.003838772</td><td>0.000000000</td><td>0.003095975</td><td>0.03799392</td><td>0.07416564</td><td>0.003333333</td><td>0.00000000</td><td>0.000000000</td><td>0.025590551</td><td>0.000000000</td><td>0.002564103</td><td>0.004687500</td><td>0.002785515</td><td>0.000000000</td><td>0.013157895</td><td>0.007389163</td><td>0.000000000</td><td>0.009316770</td><td>0.002028398</td></tr>\n",
       "\t<tr><td>0.010548523</td><td>0.012820513</td><td>0.018867925</td><td>0.05619835</td><td>0.03957784</td><td>0.018050542</td><td>0.01865672</td><td>0.008032129</td><td>0.009009009</td><td>0.007042254</td><td>0.010840108</td><td>0.005217391</td><td>0.013888889</td><td>0.016806723</td><td>0.000000000</td><td>0.048846676</td><td>0.004329004</td><td>0.003344482</td><td>0.009216590</td></tr>\n",
       "\t<tr><td>0.004897160</td><td>0.000000000</td><td>0.003086420</td><td>0.02170543</td><td>0.03132832</td><td>0.030201342</td><td>0.08532423</td><td>0.000000000</td><td>0.004166667</td><td>0.016611296</td><td>0.002577320</td><td>0.006504065</td><td>0.002816901</td><td>0.012765957</td><td>0.026229508</td><td>0.126422250</td><td>0.008403361</td><td>0.003225806</td><td>0.010799136</td></tr>\n",
       "\t<tr><td>0.004970179</td><td>0.003278689</td><td>0.000000000</td><td>0.01721440</td><td>0.04030227</td><td>0.032934132</td><td>0.00000000</td><td>0.004184100</td><td>0.000000000</td><td>0.003367003</td><td>0.000000000</td><td>0.009646302</td><td>0.002923977</td><td>0.008695652</td><td>0.033670034</td><td>0.139334155</td><td>0.006479482</td><td>0.003333333</td><td>0.023012552</td></tr>\n",
       "</tbody>\n",
       "</table>\n"
      ],
      "text/latex": [
       "A tibble: 5 × 19\n",
       "\\begin{tabular}{lllllllllllllllllll}\n",
       " ATL & BOS & CLT & DEN & DFW & DTW & EWR & FLL & IAH & JFK & LAS & LAX & MCO & MIA & MSP & ORD & PHX & SEA & SFO\\\\\n",
       " <dbl> & <dbl> & <dbl> & <dbl> & <dbl> & <dbl> & <dbl> & <dbl> & <dbl> & <dbl> & <dbl> & <dbl> & <dbl> & <dbl> & <dbl> & <dbl> & <dbl> & <dbl> & <dbl>\\\\\n",
       "\\hline\n",
       "\t 0.002702703 & 0.004237288 & 0.003558719 & 0.05436573 & 0.21772152 & 0.004629630 & 0.00000000 & 0.008547009 & 0.027459954 & 0.003636364 & 0.000000000 & 0.005395683 & 0.003095975 & 0.008928571 & 0.004464286 & 0.011560694 & 0.009433962 & 0.000000000 & 0.004683841\\\\\n",
       "\t 0.003838772 & 0.000000000 & 0.003095975 & 0.03799392 & 0.07416564 & 0.003333333 & 0.00000000 & 0.000000000 & 0.025590551 & 0.000000000 & 0.002564103 & 0.004687500 & 0.002785515 & 0.000000000 & 0.013157895 & 0.007389163 & 0.000000000 & 0.009316770 & 0.002028398\\\\\n",
       "\t 0.010548523 & 0.012820513 & 0.018867925 & 0.05619835 & 0.03957784 & 0.018050542 & 0.01865672 & 0.008032129 & 0.009009009 & 0.007042254 & 0.010840108 & 0.005217391 & 0.013888889 & 0.016806723 & 0.000000000 & 0.048846676 & 0.004329004 & 0.003344482 & 0.009216590\\\\\n",
       "\t 0.004897160 & 0.000000000 & 0.003086420 & 0.02170543 & 0.03132832 & 0.030201342 & 0.08532423 & 0.000000000 & 0.004166667 & 0.016611296 & 0.002577320 & 0.006504065 & 0.002816901 & 0.012765957 & 0.026229508 & 0.126422250 & 0.008403361 & 0.003225806 & 0.010799136\\\\\n",
       "\t 0.004970179 & 0.003278689 & 0.000000000 & 0.01721440 & 0.04030227 & 0.032934132 & 0.00000000 & 0.004184100 & 0.000000000 & 0.003367003 & 0.000000000 & 0.009646302 & 0.002923977 & 0.008695652 & 0.033670034 & 0.139334155 & 0.006479482 & 0.003333333 & 0.023012552\\\\\n",
       "\\end{tabular}\n"
      ],
      "text/markdown": [
       "\n",
       "A tibble: 5 × 19\n",
       "\n",
       "| ATL &lt;dbl&gt; | BOS &lt;dbl&gt; | CLT &lt;dbl&gt; | DEN &lt;dbl&gt; | DFW &lt;dbl&gt; | DTW &lt;dbl&gt; | EWR &lt;dbl&gt; | FLL &lt;dbl&gt; | IAH &lt;dbl&gt; | JFK &lt;dbl&gt; | LAS &lt;dbl&gt; | LAX &lt;dbl&gt; | MCO &lt;dbl&gt; | MIA &lt;dbl&gt; | MSP &lt;dbl&gt; | ORD &lt;dbl&gt; | PHX &lt;dbl&gt; | SEA &lt;dbl&gt; | SFO &lt;dbl&gt; |\n",
       "|---|---|---|---|---|---|---|---|---|---|---|---|---|---|---|---|---|---|---|\n",
       "| 0.002702703 | 0.004237288 | 0.003558719 | 0.05436573 | 0.21772152 | 0.004629630 | 0.00000000 | 0.008547009 | 0.027459954 | 0.003636364 | 0.000000000 | 0.005395683 | 0.003095975 | 0.008928571 | 0.004464286 | 0.011560694 | 0.009433962 | 0.000000000 | 0.004683841 |\n",
       "| 0.003838772 | 0.000000000 | 0.003095975 | 0.03799392 | 0.07416564 | 0.003333333 | 0.00000000 | 0.000000000 | 0.025590551 | 0.000000000 | 0.002564103 | 0.004687500 | 0.002785515 | 0.000000000 | 0.013157895 | 0.007389163 | 0.000000000 | 0.009316770 | 0.002028398 |\n",
       "| 0.010548523 | 0.012820513 | 0.018867925 | 0.05619835 | 0.03957784 | 0.018050542 | 0.01865672 | 0.008032129 | 0.009009009 | 0.007042254 | 0.010840108 | 0.005217391 | 0.013888889 | 0.016806723 | 0.000000000 | 0.048846676 | 0.004329004 | 0.003344482 | 0.009216590 |\n",
       "| 0.004897160 | 0.000000000 | 0.003086420 | 0.02170543 | 0.03132832 | 0.030201342 | 0.08532423 | 0.000000000 | 0.004166667 | 0.016611296 | 0.002577320 | 0.006504065 | 0.002816901 | 0.012765957 | 0.026229508 | 0.126422250 | 0.008403361 | 0.003225806 | 0.010799136 |\n",
       "| 0.004970179 | 0.003278689 | 0.000000000 | 0.01721440 | 0.04030227 | 0.032934132 | 0.00000000 | 0.004184100 | 0.000000000 | 0.003367003 | 0.000000000 | 0.009646302 | 0.002923977 | 0.008695652 | 0.033670034 | 0.139334155 | 0.006479482 | 0.003333333 | 0.023012552 |\n",
       "\n"
      ],
      "text/plain": [
       "  ATL         BOS         CLT         DEN        DFW        DTW        \n",
       "1 0.002702703 0.004237288 0.003558719 0.05436573 0.21772152 0.004629630\n",
       "2 0.003838772 0.000000000 0.003095975 0.03799392 0.07416564 0.003333333\n",
       "3 0.010548523 0.012820513 0.018867925 0.05619835 0.03957784 0.018050542\n",
       "4 0.004897160 0.000000000 0.003086420 0.02170543 0.03132832 0.030201342\n",
       "5 0.004970179 0.003278689 0.000000000 0.01721440 0.04030227 0.032934132\n",
       "  EWR        FLL         IAH         JFK         LAS         LAX        \n",
       "1 0.00000000 0.008547009 0.027459954 0.003636364 0.000000000 0.005395683\n",
       "2 0.00000000 0.000000000 0.025590551 0.000000000 0.002564103 0.004687500\n",
       "3 0.01865672 0.008032129 0.009009009 0.007042254 0.010840108 0.005217391\n",
       "4 0.08532423 0.000000000 0.004166667 0.016611296 0.002577320 0.006504065\n",
       "5 0.00000000 0.004184100 0.000000000 0.003367003 0.000000000 0.009646302\n",
       "  MCO         MIA         MSP         ORD         PHX         SEA        \n",
       "1 0.003095975 0.008928571 0.004464286 0.011560694 0.009433962 0.000000000\n",
       "2 0.002785515 0.000000000 0.013157895 0.007389163 0.000000000 0.009316770\n",
       "3 0.013888889 0.016806723 0.000000000 0.048846676 0.004329004 0.003344482\n",
       "4 0.002816901 0.012765957 0.026229508 0.126422250 0.008403361 0.003225806\n",
       "5 0.002923977 0.008695652 0.033670034 0.139334155 0.006479482 0.003333333\n",
       "  SFO        \n",
       "1 0.004683841\n",
       "2 0.002028398\n",
       "3 0.009216590\n",
       "4 0.010799136\n",
       "5 0.023012552"
      ]
     },
     "metadata": {},
     "output_type": "display_data"
    }
   ],
   "source": [
    "head(dat, n = 5)"
   ]
  },
  {
   "cell_type": "code",
   "execution_count": 72,
   "id": "62450e78-d006-4d99-820e-592f1d2b3863",
   "metadata": {},
   "outputs": [
    {
     "data": {
      "text/html": [
       "<table class=\"dataframe\">\n",
       "<caption>A matrix: 19 × 19 of type dbl</caption>\n",
       "<thead>\n",
       "\t<tr><th></th><th scope=col>ATL</th><th scope=col>BOS</th><th scope=col>CLT</th><th scope=col>DEN</th><th scope=col>DFW</th><th scope=col>DTW</th><th scope=col>EWR</th><th scope=col>FLL</th><th scope=col>IAH</th><th scope=col>JFK</th><th scope=col>LAS</th><th scope=col>LAX</th><th scope=col>MCO</th><th scope=col>MIA</th><th scope=col>MSP</th><th scope=col>ORD</th><th scope=col>PHX</th><th scope=col>SEA</th><th scope=col>SFO</th></tr>\n",
       "</thead>\n",
       "<tbody>\n",
       "\t<tr><th scope=row>ATL</th><td>1.0000000</td><td>0.2654978</td><td>0.5173106</td><td>0.2062640</td><td>0.2712668</td><td>0.3675711</td><td>0.3453631</td><td>0.4292793</td><td>0.1937877</td><td>0.3098662</td><td>0.3702750</td><td>0.3194721</td><td>0.4848914</td><td>0.4528638</td><td>0.3914028</td><td>0.1947031</td><td>0.3118652</td><td>0.2523455</td><td>0.2032304</td></tr>\n",
       "\t<tr><th scope=row>BOS</th><td>0.2654978</td><td>1.0000000</td><td>0.3938111</td><td>0.1404104</td><td>0.0671133</td><td>0.5203529</td><td>0.8274426</td><td>0.7056297</td><td>0.1533075</td><td>0.8696464</td><td>0.2550252</td><td>0.4170503</td><td>0.7088405</td><td>0.6230498</td><td>0.5247689</td><td>0.2644031</td><td>0.1816674</td><td>0.2944983</td><td>0.2798087</td></tr>\n",
       "\t<tr><th scope=row>CLT</th><td>0.5173106</td><td>0.3938111</td><td>1.0000000</td><td>0.2004041</td><td>0.1797115</td><td>0.4819441</td><td>0.4882117</td><td>0.5343925</td><td>0.2423908</td><td>0.4448105</td><td>0.3568395</td><td>0.4291671</td><td>0.5880373</td><td>0.5592527</td><td>0.4517194</td><td>0.2833215</td><td>0.3446165</td><td>0.2750833</td><td>0.2358358</td></tr>\n",
       "\t<tr><th scope=row>DEN</th><td>0.2062640</td><td>0.1404104</td><td>0.2004041</td><td>1.0000000</td><td>0.1777108</td><td>0.2886472</td><td>0.1983264</td><td>0.2454532</td><td>0.2343780</td><td>0.1660750</td><td>0.4306599</td><td>0.3523204</td><td>0.3051870</td><td>0.2798966</td><td>0.4037789</td><td>0.2106524</td><td>0.3969432</td><td>0.3936422</td><td>0.1553343</td></tr>\n",
       "\t<tr><th scope=row>DFW</th><td>0.2712668</td><td>0.0671133</td><td>0.1797115</td><td>0.1777108</td><td>1.0000000</td><td>0.2033438</td><td>0.1517871</td><td>0.2679991</td><td>0.3890641</td><td>0.1242683</td><td>0.4285433</td><td>0.2505723</td><td>0.2792727</td><td>0.3392489</td><td>0.3145988</td><td>0.1116849</td><td>0.3064448</td><td>0.3320689</td><td>0.1125066</td></tr>\n",
       "\t<tr><th scope=row>DTW</th><td>0.3675711</td><td>0.5203529</td><td>0.4819441</td><td>0.2886472</td><td>0.2033438</td><td>1.0000000</td><td>0.5851731</td><td>0.6456832</td><td>0.2478973</td><td>0.5104400</td><td>0.5700703</td><td>0.6171647</td><td>0.7357618</td><td>0.6969683</td><td>0.8408960</td><td>0.8126130</td><td>0.6828888</td><td>0.5514522</td><td>0.3684725</td></tr>\n",
       "\t<tr><th scope=row>EWR</th><td>0.3453631</td><td>0.8274426</td><td>0.4882117</td><td>0.1983264</td><td>0.1517871</td><td>0.5851731</td><td>1.0000000</td><td>0.8382651</td><td>0.2669528</td><td>0.9264602</td><td>0.3852554</td><td>0.5453063</td><td>0.8419731</td><td>0.7972408</td><td>0.6260378</td><td>0.2840946</td><td>0.2868446</td><td>0.3942284</td><td>0.3566476</td></tr>\n",
       "\t<tr><th scope=row>FLL</th><td>0.4292793</td><td>0.7056297</td><td>0.5343925</td><td>0.2454532</td><td>0.2679991</td><td>0.6456832</td><td>0.8382651</td><td>1.0000000</td><td>0.3182177</td><td>0.8409813</td><td>0.5453796</td><td>0.6743361</td><td>0.9213691</td><td>0.8587231</td><td>0.6806809</td><td>0.3497074</td><td>0.4676089</td><td>0.4984065</td><td>0.4259817</td></tr>\n",
       "\t<tr><th scope=row>IAH</th><td>0.1937877</td><td>0.1533075</td><td>0.2423908</td><td>0.2343780</td><td>0.3890641</td><td>0.2478973</td><td>0.2669528</td><td>0.3182177</td><td>1.0000000</td><td>0.2047844</td><td>0.4030398</td><td>0.3305523</td><td>0.3168433</td><td>0.3497623</td><td>0.3439718</td><td>0.1587537</td><td>0.3116620</td><td>0.3112051</td><td>0.1911439</td></tr>\n",
       "\t<tr><th scope=row>JFK</th><td>0.3098662</td><td>0.8696464</td><td>0.4448105</td><td>0.1660750</td><td>0.1242683</td><td>0.5104400</td><td>0.9264602</td><td>0.8409813</td><td>0.2047844</td><td>1.0000000</td><td>0.3307697</td><td>0.5213431</td><td>0.8343212</td><td>0.7769233</td><td>0.5474008</td><td>0.2072358</td><td>0.2495357</td><td>0.3473405</td><td>0.3421967</td></tr>\n",
       "\t<tr><th scope=row>LAS</th><td>0.3702750</td><td>0.2550252</td><td>0.3568395</td><td>0.4306599</td><td>0.4285433</td><td>0.5700703</td><td>0.3852554</td><td>0.5453796</td><td>0.4030398</td><td>0.3307697</td><td>1.0000000</td><td>0.6806959</td><td>0.5999173</td><td>0.5726797</td><td>0.6103946</td><td>0.4348096</td><td>0.6449114</td><td>0.5612938</td><td>0.4071079</td></tr>\n",
       "\t<tr><th scope=row>LAX</th><td>0.3194721</td><td>0.4170503</td><td>0.4291671</td><td>0.3523204</td><td>0.2505723</td><td>0.6171647</td><td>0.5453063</td><td>0.6743361</td><td>0.3305523</td><td>0.5213431</td><td>0.6806959</td><td>1.0000000</td><td>0.7158656</td><td>0.6955821</td><td>0.6381474</td><td>0.4524743</td><td>0.6755058</td><td>0.6234508</td><td>0.5577724</td></tr>\n",
       "\t<tr><th scope=row>MCO</th><td>0.4848914</td><td>0.7088405</td><td>0.5880373</td><td>0.3051870</td><td>0.2792727</td><td>0.7357618</td><td>0.8419731</td><td>0.9213691</td><td>0.3168433</td><td>0.8343212</td><td>0.5999173</td><td>0.7158656</td><td>1.0000000</td><td>0.9001916</td><td>0.7503549</td><td>0.4402870</td><td>0.5546053</td><td>0.5324974</td><td>0.4385475</td></tr>\n",
       "\t<tr><th scope=row>MIA</th><td>0.4528638</td><td>0.6230498</td><td>0.5592527</td><td>0.2798966</td><td>0.3392489</td><td>0.6969683</td><td>0.7972408</td><td>0.8587231</td><td>0.3497623</td><td>0.7769233</td><td>0.5726797</td><td>0.6955821</td><td>0.9001916</td><td>1.0000000</td><td>0.7157551</td><td>0.3995371</td><td>0.5412001</td><td>0.5300089</td><td>0.4438719</td></tr>\n",
       "\t<tr><th scope=row>MSP</th><td>0.3914028</td><td>0.5247689</td><td>0.4517194</td><td>0.4037789</td><td>0.3145988</td><td>0.8408960</td><td>0.6260378</td><td>0.6806809</td><td>0.3439718</td><td>0.5474008</td><td>0.6103946</td><td>0.6381474</td><td>0.7503549</td><td>0.7157551</td><td>1.0000000</td><td>0.7136383</td><td>0.5845847</td><td>0.5945155</td><td>0.4190022</td></tr>\n",
       "\t<tr><th scope=row>ORD</th><td>0.1947031</td><td>0.2644031</td><td>0.2833215</td><td>0.2106524</td><td>0.1116849</td><td>0.8126130</td><td>0.2840946</td><td>0.3497074</td><td>0.1587537</td><td>0.2072358</td><td>0.4348096</td><td>0.4524743</td><td>0.4402870</td><td>0.3995371</td><td>0.7136383</td><td>1.0000000</td><td>0.5838855</td><td>0.4289646</td><td>0.2506285</td></tr>\n",
       "\t<tr><th scope=row>PHX</th><td>0.3118652</td><td>0.1816674</td><td>0.3446165</td><td>0.3969432</td><td>0.3064448</td><td>0.6828888</td><td>0.2868446</td><td>0.4676089</td><td>0.3116620</td><td>0.2495357</td><td>0.6449114</td><td>0.6755058</td><td>0.5546053</td><td>0.5412001</td><td>0.5845847</td><td>0.5838855</td><td>1.0000000</td><td>0.5668313</td><td>0.3643455</td></tr>\n",
       "\t<tr><th scope=row>SEA</th><td>0.2523455</td><td>0.2944983</td><td>0.2750833</td><td>0.3936422</td><td>0.3320689</td><td>0.5514522</td><td>0.3942284</td><td>0.4984065</td><td>0.3112051</td><td>0.3473405</td><td>0.5612938</td><td>0.6234508</td><td>0.5324974</td><td>0.5300089</td><td>0.5945155</td><td>0.4289646</td><td>0.5668313</td><td>1.0000000</td><td>0.4542072</td></tr>\n",
       "\t<tr><th scope=row>SFO</th><td>0.2032304</td><td>0.2798087</td><td>0.2358358</td><td>0.1553343</td><td>0.1125066</td><td>0.3684725</td><td>0.3566476</td><td>0.4259817</td><td>0.1911439</td><td>0.3421967</td><td>0.4071079</td><td>0.5577724</td><td>0.4385475</td><td>0.4438719</td><td>0.4190022</td><td>0.2506285</td><td>0.3643455</td><td>0.4542072</td><td>1.0000000</td></tr>\n",
       "</tbody>\n",
       "</table>\n"
      ],
      "text/latex": [
       "A matrix: 19 × 19 of type dbl\n",
       "\\begin{tabular}{r|lllllllllllllllllll}\n",
       "  & ATL & BOS & CLT & DEN & DFW & DTW & EWR & FLL & IAH & JFK & LAS & LAX & MCO & MIA & MSP & ORD & PHX & SEA & SFO\\\\\n",
       "\\hline\n",
       "\tATL & 1.0000000 & 0.2654978 & 0.5173106 & 0.2062640 & 0.2712668 & 0.3675711 & 0.3453631 & 0.4292793 & 0.1937877 & 0.3098662 & 0.3702750 & 0.3194721 & 0.4848914 & 0.4528638 & 0.3914028 & 0.1947031 & 0.3118652 & 0.2523455 & 0.2032304\\\\\n",
       "\tBOS & 0.2654978 & 1.0000000 & 0.3938111 & 0.1404104 & 0.0671133 & 0.5203529 & 0.8274426 & 0.7056297 & 0.1533075 & 0.8696464 & 0.2550252 & 0.4170503 & 0.7088405 & 0.6230498 & 0.5247689 & 0.2644031 & 0.1816674 & 0.2944983 & 0.2798087\\\\\n",
       "\tCLT & 0.5173106 & 0.3938111 & 1.0000000 & 0.2004041 & 0.1797115 & 0.4819441 & 0.4882117 & 0.5343925 & 0.2423908 & 0.4448105 & 0.3568395 & 0.4291671 & 0.5880373 & 0.5592527 & 0.4517194 & 0.2833215 & 0.3446165 & 0.2750833 & 0.2358358\\\\\n",
       "\tDEN & 0.2062640 & 0.1404104 & 0.2004041 & 1.0000000 & 0.1777108 & 0.2886472 & 0.1983264 & 0.2454532 & 0.2343780 & 0.1660750 & 0.4306599 & 0.3523204 & 0.3051870 & 0.2798966 & 0.4037789 & 0.2106524 & 0.3969432 & 0.3936422 & 0.1553343\\\\\n",
       "\tDFW & 0.2712668 & 0.0671133 & 0.1797115 & 0.1777108 & 1.0000000 & 0.2033438 & 0.1517871 & 0.2679991 & 0.3890641 & 0.1242683 & 0.4285433 & 0.2505723 & 0.2792727 & 0.3392489 & 0.3145988 & 0.1116849 & 0.3064448 & 0.3320689 & 0.1125066\\\\\n",
       "\tDTW & 0.3675711 & 0.5203529 & 0.4819441 & 0.2886472 & 0.2033438 & 1.0000000 & 0.5851731 & 0.6456832 & 0.2478973 & 0.5104400 & 0.5700703 & 0.6171647 & 0.7357618 & 0.6969683 & 0.8408960 & 0.8126130 & 0.6828888 & 0.5514522 & 0.3684725\\\\\n",
       "\tEWR & 0.3453631 & 0.8274426 & 0.4882117 & 0.1983264 & 0.1517871 & 0.5851731 & 1.0000000 & 0.8382651 & 0.2669528 & 0.9264602 & 0.3852554 & 0.5453063 & 0.8419731 & 0.7972408 & 0.6260378 & 0.2840946 & 0.2868446 & 0.3942284 & 0.3566476\\\\\n",
       "\tFLL & 0.4292793 & 0.7056297 & 0.5343925 & 0.2454532 & 0.2679991 & 0.6456832 & 0.8382651 & 1.0000000 & 0.3182177 & 0.8409813 & 0.5453796 & 0.6743361 & 0.9213691 & 0.8587231 & 0.6806809 & 0.3497074 & 0.4676089 & 0.4984065 & 0.4259817\\\\\n",
       "\tIAH & 0.1937877 & 0.1533075 & 0.2423908 & 0.2343780 & 0.3890641 & 0.2478973 & 0.2669528 & 0.3182177 & 1.0000000 & 0.2047844 & 0.4030398 & 0.3305523 & 0.3168433 & 0.3497623 & 0.3439718 & 0.1587537 & 0.3116620 & 0.3112051 & 0.1911439\\\\\n",
       "\tJFK & 0.3098662 & 0.8696464 & 0.4448105 & 0.1660750 & 0.1242683 & 0.5104400 & 0.9264602 & 0.8409813 & 0.2047844 & 1.0000000 & 0.3307697 & 0.5213431 & 0.8343212 & 0.7769233 & 0.5474008 & 0.2072358 & 0.2495357 & 0.3473405 & 0.3421967\\\\\n",
       "\tLAS & 0.3702750 & 0.2550252 & 0.3568395 & 0.4306599 & 0.4285433 & 0.5700703 & 0.3852554 & 0.5453796 & 0.4030398 & 0.3307697 & 1.0000000 & 0.6806959 & 0.5999173 & 0.5726797 & 0.6103946 & 0.4348096 & 0.6449114 & 0.5612938 & 0.4071079\\\\\n",
       "\tLAX & 0.3194721 & 0.4170503 & 0.4291671 & 0.3523204 & 0.2505723 & 0.6171647 & 0.5453063 & 0.6743361 & 0.3305523 & 0.5213431 & 0.6806959 & 1.0000000 & 0.7158656 & 0.6955821 & 0.6381474 & 0.4524743 & 0.6755058 & 0.6234508 & 0.5577724\\\\\n",
       "\tMCO & 0.4848914 & 0.7088405 & 0.5880373 & 0.3051870 & 0.2792727 & 0.7357618 & 0.8419731 & 0.9213691 & 0.3168433 & 0.8343212 & 0.5999173 & 0.7158656 & 1.0000000 & 0.9001916 & 0.7503549 & 0.4402870 & 0.5546053 & 0.5324974 & 0.4385475\\\\\n",
       "\tMIA & 0.4528638 & 0.6230498 & 0.5592527 & 0.2798966 & 0.3392489 & 0.6969683 & 0.7972408 & 0.8587231 & 0.3497623 & 0.7769233 & 0.5726797 & 0.6955821 & 0.9001916 & 1.0000000 & 0.7157551 & 0.3995371 & 0.5412001 & 0.5300089 & 0.4438719\\\\\n",
       "\tMSP & 0.3914028 & 0.5247689 & 0.4517194 & 0.4037789 & 0.3145988 & 0.8408960 & 0.6260378 & 0.6806809 & 0.3439718 & 0.5474008 & 0.6103946 & 0.6381474 & 0.7503549 & 0.7157551 & 1.0000000 & 0.7136383 & 0.5845847 & 0.5945155 & 0.4190022\\\\\n",
       "\tORD & 0.1947031 & 0.2644031 & 0.2833215 & 0.2106524 & 0.1116849 & 0.8126130 & 0.2840946 & 0.3497074 & 0.1587537 & 0.2072358 & 0.4348096 & 0.4524743 & 0.4402870 & 0.3995371 & 0.7136383 & 1.0000000 & 0.5838855 & 0.4289646 & 0.2506285\\\\\n",
       "\tPHX & 0.3118652 & 0.1816674 & 0.3446165 & 0.3969432 & 0.3064448 & 0.6828888 & 0.2868446 & 0.4676089 & 0.3116620 & 0.2495357 & 0.6449114 & 0.6755058 & 0.5546053 & 0.5412001 & 0.5845847 & 0.5838855 & 1.0000000 & 0.5668313 & 0.3643455\\\\\n",
       "\tSEA & 0.2523455 & 0.2944983 & 0.2750833 & 0.3936422 & 0.3320689 & 0.5514522 & 0.3942284 & 0.4984065 & 0.3112051 & 0.3473405 & 0.5612938 & 0.6234508 & 0.5324974 & 0.5300089 & 0.5945155 & 0.4289646 & 0.5668313 & 1.0000000 & 0.4542072\\\\\n",
       "\tSFO & 0.2032304 & 0.2798087 & 0.2358358 & 0.1553343 & 0.1125066 & 0.3684725 & 0.3566476 & 0.4259817 & 0.1911439 & 0.3421967 & 0.4071079 & 0.5577724 & 0.4385475 & 0.4438719 & 0.4190022 & 0.2506285 & 0.3643455 & 0.4542072 & 1.0000000\\\\\n",
       "\\end{tabular}\n"
      ],
      "text/markdown": [
       "\n",
       "A matrix: 19 × 19 of type dbl\n",
       "\n",
       "| <!--/--> | ATL | BOS | CLT | DEN | DFW | DTW | EWR | FLL | IAH | JFK | LAS | LAX | MCO | MIA | MSP | ORD | PHX | SEA | SFO |\n",
       "|---|---|---|---|---|---|---|---|---|---|---|---|---|---|---|---|---|---|---|---|\n",
       "| ATL | 1.0000000 | 0.2654978 | 0.5173106 | 0.2062640 | 0.2712668 | 0.3675711 | 0.3453631 | 0.4292793 | 0.1937877 | 0.3098662 | 0.3702750 | 0.3194721 | 0.4848914 | 0.4528638 | 0.3914028 | 0.1947031 | 0.3118652 | 0.2523455 | 0.2032304 |\n",
       "| BOS | 0.2654978 | 1.0000000 | 0.3938111 | 0.1404104 | 0.0671133 | 0.5203529 | 0.8274426 | 0.7056297 | 0.1533075 | 0.8696464 | 0.2550252 | 0.4170503 | 0.7088405 | 0.6230498 | 0.5247689 | 0.2644031 | 0.1816674 | 0.2944983 | 0.2798087 |\n",
       "| CLT | 0.5173106 | 0.3938111 | 1.0000000 | 0.2004041 | 0.1797115 | 0.4819441 | 0.4882117 | 0.5343925 | 0.2423908 | 0.4448105 | 0.3568395 | 0.4291671 | 0.5880373 | 0.5592527 | 0.4517194 | 0.2833215 | 0.3446165 | 0.2750833 | 0.2358358 |\n",
       "| DEN | 0.2062640 | 0.1404104 | 0.2004041 | 1.0000000 | 0.1777108 | 0.2886472 | 0.1983264 | 0.2454532 | 0.2343780 | 0.1660750 | 0.4306599 | 0.3523204 | 0.3051870 | 0.2798966 | 0.4037789 | 0.2106524 | 0.3969432 | 0.3936422 | 0.1553343 |\n",
       "| DFW | 0.2712668 | 0.0671133 | 0.1797115 | 0.1777108 | 1.0000000 | 0.2033438 | 0.1517871 | 0.2679991 | 0.3890641 | 0.1242683 | 0.4285433 | 0.2505723 | 0.2792727 | 0.3392489 | 0.3145988 | 0.1116849 | 0.3064448 | 0.3320689 | 0.1125066 |\n",
       "| DTW | 0.3675711 | 0.5203529 | 0.4819441 | 0.2886472 | 0.2033438 | 1.0000000 | 0.5851731 | 0.6456832 | 0.2478973 | 0.5104400 | 0.5700703 | 0.6171647 | 0.7357618 | 0.6969683 | 0.8408960 | 0.8126130 | 0.6828888 | 0.5514522 | 0.3684725 |\n",
       "| EWR | 0.3453631 | 0.8274426 | 0.4882117 | 0.1983264 | 0.1517871 | 0.5851731 | 1.0000000 | 0.8382651 | 0.2669528 | 0.9264602 | 0.3852554 | 0.5453063 | 0.8419731 | 0.7972408 | 0.6260378 | 0.2840946 | 0.2868446 | 0.3942284 | 0.3566476 |\n",
       "| FLL | 0.4292793 | 0.7056297 | 0.5343925 | 0.2454532 | 0.2679991 | 0.6456832 | 0.8382651 | 1.0000000 | 0.3182177 | 0.8409813 | 0.5453796 | 0.6743361 | 0.9213691 | 0.8587231 | 0.6806809 | 0.3497074 | 0.4676089 | 0.4984065 | 0.4259817 |\n",
       "| IAH | 0.1937877 | 0.1533075 | 0.2423908 | 0.2343780 | 0.3890641 | 0.2478973 | 0.2669528 | 0.3182177 | 1.0000000 | 0.2047844 | 0.4030398 | 0.3305523 | 0.3168433 | 0.3497623 | 0.3439718 | 0.1587537 | 0.3116620 | 0.3112051 | 0.1911439 |\n",
       "| JFK | 0.3098662 | 0.8696464 | 0.4448105 | 0.1660750 | 0.1242683 | 0.5104400 | 0.9264602 | 0.8409813 | 0.2047844 | 1.0000000 | 0.3307697 | 0.5213431 | 0.8343212 | 0.7769233 | 0.5474008 | 0.2072358 | 0.2495357 | 0.3473405 | 0.3421967 |\n",
       "| LAS | 0.3702750 | 0.2550252 | 0.3568395 | 0.4306599 | 0.4285433 | 0.5700703 | 0.3852554 | 0.5453796 | 0.4030398 | 0.3307697 | 1.0000000 | 0.6806959 | 0.5999173 | 0.5726797 | 0.6103946 | 0.4348096 | 0.6449114 | 0.5612938 | 0.4071079 |\n",
       "| LAX | 0.3194721 | 0.4170503 | 0.4291671 | 0.3523204 | 0.2505723 | 0.6171647 | 0.5453063 | 0.6743361 | 0.3305523 | 0.5213431 | 0.6806959 | 1.0000000 | 0.7158656 | 0.6955821 | 0.6381474 | 0.4524743 | 0.6755058 | 0.6234508 | 0.5577724 |\n",
       "| MCO | 0.4848914 | 0.7088405 | 0.5880373 | 0.3051870 | 0.2792727 | 0.7357618 | 0.8419731 | 0.9213691 | 0.3168433 | 0.8343212 | 0.5999173 | 0.7158656 | 1.0000000 | 0.9001916 | 0.7503549 | 0.4402870 | 0.5546053 | 0.5324974 | 0.4385475 |\n",
       "| MIA | 0.4528638 | 0.6230498 | 0.5592527 | 0.2798966 | 0.3392489 | 0.6969683 | 0.7972408 | 0.8587231 | 0.3497623 | 0.7769233 | 0.5726797 | 0.6955821 | 0.9001916 | 1.0000000 | 0.7157551 | 0.3995371 | 0.5412001 | 0.5300089 | 0.4438719 |\n",
       "| MSP | 0.3914028 | 0.5247689 | 0.4517194 | 0.4037789 | 0.3145988 | 0.8408960 | 0.6260378 | 0.6806809 | 0.3439718 | 0.5474008 | 0.6103946 | 0.6381474 | 0.7503549 | 0.7157551 | 1.0000000 | 0.7136383 | 0.5845847 | 0.5945155 | 0.4190022 |\n",
       "| ORD | 0.1947031 | 0.2644031 | 0.2833215 | 0.2106524 | 0.1116849 | 0.8126130 | 0.2840946 | 0.3497074 | 0.1587537 | 0.2072358 | 0.4348096 | 0.4524743 | 0.4402870 | 0.3995371 | 0.7136383 | 1.0000000 | 0.5838855 | 0.4289646 | 0.2506285 |\n",
       "| PHX | 0.3118652 | 0.1816674 | 0.3446165 | 0.3969432 | 0.3064448 | 0.6828888 | 0.2868446 | 0.4676089 | 0.3116620 | 0.2495357 | 0.6449114 | 0.6755058 | 0.5546053 | 0.5412001 | 0.5845847 | 0.5838855 | 1.0000000 | 0.5668313 | 0.3643455 |\n",
       "| SEA | 0.2523455 | 0.2944983 | 0.2750833 | 0.3936422 | 0.3320689 | 0.5514522 | 0.3942284 | 0.4984065 | 0.3112051 | 0.3473405 | 0.5612938 | 0.6234508 | 0.5324974 | 0.5300089 | 0.5945155 | 0.4289646 | 0.5668313 | 1.0000000 | 0.4542072 |\n",
       "| SFO | 0.2032304 | 0.2798087 | 0.2358358 | 0.1553343 | 0.1125066 | 0.3684725 | 0.3566476 | 0.4259817 | 0.1911439 | 0.3421967 | 0.4071079 | 0.5577724 | 0.4385475 | 0.4438719 | 0.4190022 | 0.2506285 | 0.3643455 | 0.4542072 | 1.0000000 |\n",
       "\n"
      ],
      "text/plain": [
       "    ATL       BOS       CLT       DEN       DFW       DTW       EWR      \n",
       "ATL 1.0000000 0.2654978 0.5173106 0.2062640 0.2712668 0.3675711 0.3453631\n",
       "BOS 0.2654978 1.0000000 0.3938111 0.1404104 0.0671133 0.5203529 0.8274426\n",
       "CLT 0.5173106 0.3938111 1.0000000 0.2004041 0.1797115 0.4819441 0.4882117\n",
       "DEN 0.2062640 0.1404104 0.2004041 1.0000000 0.1777108 0.2886472 0.1983264\n",
       "DFW 0.2712668 0.0671133 0.1797115 0.1777108 1.0000000 0.2033438 0.1517871\n",
       "DTW 0.3675711 0.5203529 0.4819441 0.2886472 0.2033438 1.0000000 0.5851731\n",
       "EWR 0.3453631 0.8274426 0.4882117 0.1983264 0.1517871 0.5851731 1.0000000\n",
       "FLL 0.4292793 0.7056297 0.5343925 0.2454532 0.2679991 0.6456832 0.8382651\n",
       "IAH 0.1937877 0.1533075 0.2423908 0.2343780 0.3890641 0.2478973 0.2669528\n",
       "JFK 0.3098662 0.8696464 0.4448105 0.1660750 0.1242683 0.5104400 0.9264602\n",
       "LAS 0.3702750 0.2550252 0.3568395 0.4306599 0.4285433 0.5700703 0.3852554\n",
       "LAX 0.3194721 0.4170503 0.4291671 0.3523204 0.2505723 0.6171647 0.5453063\n",
       "MCO 0.4848914 0.7088405 0.5880373 0.3051870 0.2792727 0.7357618 0.8419731\n",
       "MIA 0.4528638 0.6230498 0.5592527 0.2798966 0.3392489 0.6969683 0.7972408\n",
       "MSP 0.3914028 0.5247689 0.4517194 0.4037789 0.3145988 0.8408960 0.6260378\n",
       "ORD 0.1947031 0.2644031 0.2833215 0.2106524 0.1116849 0.8126130 0.2840946\n",
       "PHX 0.3118652 0.1816674 0.3446165 0.3969432 0.3064448 0.6828888 0.2868446\n",
       "SEA 0.2523455 0.2944983 0.2750833 0.3936422 0.3320689 0.5514522 0.3942284\n",
       "SFO 0.2032304 0.2798087 0.2358358 0.1553343 0.1125066 0.3684725 0.3566476\n",
       "    FLL       IAH       JFK       LAS       LAX       MCO       MIA      \n",
       "ATL 0.4292793 0.1937877 0.3098662 0.3702750 0.3194721 0.4848914 0.4528638\n",
       "BOS 0.7056297 0.1533075 0.8696464 0.2550252 0.4170503 0.7088405 0.6230498\n",
